32
67
224
393
394
395
585
673
732
840
975
1117
1141
1142
1143
1144
1146
1147
1148
1149
1150
1207
1208
1437
1505
1506
1507
1508
1509
1510
1511
1580
1764
1850
1886
1911
1912
1913
1914
1915
1916
2516
2551
2555
2556
2673
2765
3342
3532
3835
3970
4166
4276
4453
4764
4827
5260
5555
5704
5705
5750
5852
5858
6105
6204
6216
6396
6548
6733
6851
6852
6860
6890
6936
7084
7798
7938
7939
7940
8759
8760
8837
8838
9020
9421
9646
9824
9994
10100
10140
10243
10323
10324
10384
10596
10933
10934
10995
11381
11407
11408
11780
11781
11911
12281
12282
12741
12742
13451
13571
13682
13813
13980
13981
14270
14271
14338
14426
14591
14710
14939
14940
14942
14943
14944
14945
14946
14947
15013
15082
15263
15264
15265
15271
15788
15991
15992
16039
16097
16099
16102
16204
16656
17454
17455
17491
17566
17666
17740
17750
17812
17956
18324
18542
18549
18557
19392
19647
19648
19649
19650
19674
20013
20383
20384
21228
21285
21286
21599
21957
21974
22312
22454
22455
22832
22856
22857
23113
23363
24125
24228
24447
24448
24621
24648
24712
24875
24876
25324
25621
25804
25955
25956
26029
26104
26105
26118
26119
26121
26229
26497
27403
27404
27667
27803
27804
28555
29230
29231
29436
29451
29488
29907
30358
31132
31540
31541
31542
31543
31544
31545
31546
31547
31548
31549
31567
31964
31988
32513
32514
32515
32605
32735
32854
33454
34144
34492
35176
35684
36263
36264
36265
36385
36669
36760
36786
36893
36894
36895
36958
37161
37927
37940
37941
39124
39230
39587
39588
39785
39786
39787
39788
39824
39825
40058
40059
40146
40147
40484
40485
40662
40698
40765
40770
40800
41402
41403
41404
41405
41406
41521
41869
42093
42260
42290
42529
42916
43500
43893
43949
43970
44472
44582
45046
45051
45195
45196
45197
45198
45342
45435
46100
46106
47029
47172
47179
47180
47462
49712
49984
50515
50516
50711
51169
51305
51457
51734
52078
52079
52152
52254
52711
52914
53437
53483
53484
53485
53486
53876
53987
55178
55326
56174
56343
57089
57090
57833
58078
58526
58527
58529
58530
58531
59015
59179
59180
59181
59657
59921
60594
60595
60596
60881
61214
61648
61693
61694
61696
61960
62939
63667
63708
65120
65564
65642
65719
65996
66126
66595
66654
66743
66744
67680
68040
68245
68280
68321
68681
68921
68933
68943
69720
69769
69958
70004
70005
70192
70193
71113
71251
72147
72398
72684
75878
75999
76000
76908
76909
80456
81825
81834
82764
83527
83697
83698
83844
86855
86985
87778
87779
88164
88166
88167
88631
88750
88751
89027
89369
89373
89509
89830
90389
90577
90583
90587
90784
91567
91568
91574
91575
91576
91577
91578
91579
91580
91581
92159
92160
92162
92220
92221
92223
92298
92760
93308
93467
93792
94328
94773
94774
94775
94864
95225
96214
96216
96217
96365
96404
96529
96706
97081
97101
97115
97132
97160
97171
97581
97584
97585
97702
97703
97811
98469
98936
98971
99232
99668
99763
99764
99977
100104
100979
100980
101406
101413
102176
102177
102685
103043
103883
104588
104660
105455
106069
106178
107590
107760
108420
108876
109406
109713
109714
109715
109716
110411
112314
112449
113892
113920
113922
113923
113924
113925
113926
113927
115257
115777
115778
115779
115976
116077
116537
117639
117832
118295
118452
118453
121620
121962
122081
122433
123335
123471
123472
123800
123908
124232
124935
124950
125470
125558
125929
126391
126392
126393
126485
126486
126487
127142
127170
128923
129439
130533
130585
131640
131641
131770
132020
132542
132955
133196
133284
134550
135159
135555
135679
136130
136186
137401
137705
137793
137816
137817
138108
138609
138624
138767
139075
139076
139159
139195
139196
139393
140153
140154
140190
140194
140195
141951
142499
142516
143666
143667
143734
143735
143736
143737
144408
144638
145303
146854
147615
148003
148255
148256
148257
148302
148767
148859
148867
150062
150063
150064
150152
150785
150786
151199
151200
151201
152154
152432
152433
152434
152435
152496
152586
152995
153172
153507
154949
155190
155359
155361
155362
155364
155861
155879
156667
157015
158047
158911
158912
158913
158914
158915
158916
158918
158957
158958
159296
159301
159406
160387
160388
160389
160390
160391
160535
160983
161200
161664
161665
161666
161667
161703
161704
162762
163239
163801
163968
164347
165382
166084
166168
166169
166679
167535
167895
168093
168415
168423
168889
171571
172012
172013
172117
172558
172609
173535
174493
175641
176559
176599
176600
177563
178629
179274
180756
180757
181032
181037
181888
182682
183477
183965
183966
183967
184043
184044
184045
184095
184675
185512
186419
187098
187182
187186
187188
187411
187412
187725
188559
188560
188720
189104
189155
189375
190789
190790
191030
191031
191427
191885
192594
192691
193784
193785
194227
194481
195430
195912
195914
195926
196658
196659
197118
197972
197973
198757
198814
198881
198882
198884
198885
198886
198887
198888
200244
202605
202764
203074
203107
203141
203376
203377
204401
204704
205467
206827
206960
207831
207993
208412
208762
208999
209512
209598
210005
210302
210610
211396
211397
212434
213281
214178
214250
214251
215014
215231
215347
215517
215545
215644
216208
216210
216338
216596
218037
218351
218352
218353
218375
218476
218923
218924
219123
219226
219227
219228
219229
219450
219579
220027
220028
220360
220361
220606
221235
221448
222161
222162
222269
222766
222986
223177
223178
223179
223180
223664
223733
224427
224459
224460
225558
226144
226145
226147
226253
226864
226927
227453
228501
228518
229052
229922
229924
230249
230289
230290
230291
230292
230627
230670
230821
230822
230823
230824
230825
230826
230827
230828
231083
231195
231261
231264
231289
231771
231896
232164
232483
233179
234048
234822
234823
234824
235370
235630
235631
235801
235802
236481
236746
237114
237208
237946
237947
237948
237949
237951
237952
237953
237959
238112
238121
238123
238126
238195
239413
239615
239929
239930
242291
242652
242653
242933
242934
242937
242939
242940
244246
244854
246582
248680
248810
249609
249636
250448
250893
251761
252148
252914
253107
253115
253146
253359
253703
254230
255981
257665
257785
258122
258332
258761
259022
259845
261048
261049
261412
262721
262722
262931
264120
264705
264889
264901
265186
265316
265451
265452
265453
265454
265455
265581
265582
266960
267176
267177
267350
267640
267848
268154
268155
268156
268526
268537
268772
268785
268841
268873
269349
270842
270944
270945
270946
271541
271834
271835
271836
271837
271839
272807
273690
274235
274252
274392
274654
276279
276684
277881
277882
278064
279062
279063
280357
280771
280772
280779
280780
280781
280783
280784
280785
280786
281583
281821
281975
282145
282146
282956
282958
282959
283273
283274
283275
284699
285393
285778
286872
286903
286904
287401
287439
287553
288385
288386
288396
288631
289628
289840
290092
290579
290580
291267
291824
292520
292723
292835
292934
293235
293751
293858
294119
294191
294200
294203
294954
295205
295568
295789
295809
295810
295811
295812
295813
295814
297776
297777
297779
297780
297781
297782
298437
298584
298801
299055
299142
299143
299408
299567
299715
299749
299819
299821
300115
300117
300361
302639
303011
303605
303606
304080
304654
305472
305770
306242
306881
307211
307828
308348
308532
308976
310765
310766
311938
312083
312380
312381
312647
312956
312958
312959
312960
312961
312963
312964
312965
313152
313673
313674
314419
314859
315278
315622
316001
317355
317356
317612
317715
317716
317895
318284
318404
318405
318968
318982
318983
319596
319742
319743
320304
320984
321208
321210
321212
321213
321214
321215
321619
321621
321622
321625
321885
322003
322004
323486
323737
323776
325254
326125
326164
327346
328091
328487
328647
328653
329089
329091
329544
329631
329798
331103
331203
331421
331474
331503
331511
331801
332191
333265
333899
334096
336561
337045
337192
337247
337248
337249
337300
337469
337476
338643
339234
340888
341131
342949
342975
342979
343053
343054
343204
345010
345011
345012
345013
345014
345279
345779
346310
347426
347427
347895
350833
350863
351116
352235
352240
352905
352906
353628
353629
354651
354896
354897
354913
355540
356132
356210
358567
359016
359130
359706
360643
361544
361593
361594
361595
361596
361609
362074
364520
366897
368080
368156
368480
368582
368620
368621
368622
369145
369552
369675
369741
369806
370313
370495
370625
371752
371968
372030
372032
372033
372143
372606
374136
374944
374946
374947
374948
374949
376825
376826
376827
377031
377087
377088
377089
377122
377123
377859
379233
379320
379855
380740
382181
382209
382346
382557
382740
383404
383526
383813
384742
384743
385709
385710
386241
386242
386707
386825
387394
387444
387580
387581
388907
389096
389097
389740
389761
391080
391908
393153
393465
393912
393935
394148
394625
395155
395156
395159
395728
395747
397433
397811
397978
397979
398817
399037
399038
399039
399040
399288
399356
399357
399404
399555
399556
399557
399899
400110
400111
400112
400113
400114
400115
401153
401154
402114
403096
403388
403405
403672
404080
404633
404634
404635
405232
406003
406029
406215
407049
407050
407051
407469
407930
407931
407979
408429
410058
410420
410427
411181
411182
411549
411551
411552
412155
412157
412158
412159
412160
412450
412484
412781
413248
413468
413469
413745
413800
414392
414748
414749
414764
414859
415007
415008
415107
415108
415109
415518
416336
416617
416618
416708
417158
417198
417199
417202
417490
417857
418980
418981
419148
419354
419809
420012
420251
420354
420539
420540
420917
421446
421675
422225
422226
422822
422864
422865
422866
422871
423013
423976
424127
424558
425048
425058
425823
425944
425945
425946
426738
426800
426801
426802
426803
426806
426847
426950
426998
427139
427990
428088
428642
430298
430379
430380
430381
430974
431739
433943
433944
433949
434979
434980
435357
435435
435436
436102
436211
436212
436213
436797
436798
437985
438181
438661
438676
438677
439030
440039
440863
441058
441247
441514
441598
442209
442332
442333
443633
443826
443869
444083
444527
445426
445477
445523
447387
447529
447531
447535
447858
449412
450207
450227
450269
450282
451020
451021
451390
451391
451392
453095
453263
453690
453872
454258
454260
454338
454339
454340
455009
456299
456309
457345
457534
457558
457559
457737
458592
458708
459129
459223
459251
460062
462389
462469
462777
462912
463218
463751
464268
464896
465497
465498
465896
465897
465918
466326
466327
466649
466752
466827
467150
468087
468088
468089
469359
469360
469361
469802
471188
471189
471190
471191
471192
471527
471819
472249
473243
473319
473320
473774
474095
474175
474176
474177
474512
474575
475243
475526
475527
476182
476183
476952
477050
477322
477330
478100
478343
478506
478507
478846
481544
481545
483217
483528
483529
483530
483808
484133
484209
484441
485189
485465
485523
486267
486957
487173
487174
487175
487176
488136
488339
488442
488717
489058
489253
491027
491966
492742
493274
493444
494047
494344
494374
494583
495832
496468
496471
496772
497806
497807
497893
498205
498978
498979
499792
499793
499883
500111
500112
500113
500367
500368
501208
501816
502037
502267
502268
503397
503561
503562
504340
504350
504787
504788
504789
505077
505915
505983
506303
506907
507234
507237
507443
508183
508307
509147
509325
509453
510204
510292
511531
512318
513446
513568
513704
513712
514372
515270
515541
515968
516566
516567
516678
516930
517417
517668
518450
518642
518931
519319
519467
520034
520035
520088
520089
520090
520095
520494
520707
521013
521072
521310
521361
522563
524165
524168
524296
524313
524420
524421
524422
524423
524424
524425
524426
525097
525099
525100
525102
525849
526053
526812
527354
528536
529202
529449
529664
530061
530062
530102
530106
530491
531199
531200
531239
531488
532780
533009
534188
534234
535157
535158
536044
536133
536310
536899
536900
537356
537357
537358
537359
537360
537361
537362
537363
538128
538559
538796
540604
541672
541972
542188
542534
542535
542588
542589
542590
543130
543219
543604
543605
543606
544133
544226
544398
544399
544401
544532
544599
546023
546227
546677
548212
548422
549087
549088
549764
549902
550176
550547
550562
550563
550708
550709
551396
551562
551936
552263
552973
552974
553072
553452
553453
554001
555239
555240
555241
555242
555243
555244
555869
557315
557353
558240
558786
560753
560769
562328
562740
562870
563417
563418
563419
565625
566220
566702
567597
568823
569197
571004
571191
572003
572776
574162
574378
574379
574851
574852
574859
574860
575835
575836
575916
576100
576185
576945
577174
577267
577430
577635
578188
578189
578191
578192
578569
579320
579860
580083
580085
580168
580396
580397
580717
581807
581808
581903
582298
582585
582784
582785
582786
582787
582788
582789
582791
582797
583900
584897
585078
585079
585854
585855
586355
587660
587806
587807
587808
589433
589434
589485
589885
590326
590561
590767
590845
591107
591284
591481
592309
592311
593046
593645
593871
595196
595293
596512
597047
597107
598194
598195
598427
598492
598493
598558
599864
600557
600668
601810
602141
602142
602143
602263
602764
602765
603140
603235
603428
604363
604951
605127
605348
605561
606019
606525
606572
606573
607258
607494
607997
607999
608298
608299
608497
608792
609660
610182
610348
610349
610350
610792
610794
610797
611269
611273
611281
611303
611656
612532
613108
613470
614229
614355
614358
614812
614819
615394
615661
616038
616826
616839
617071
617355
617648
618112
618316
619234
619236
619822
620481
620563
620564
620565
621167
622859
622860
622861
622894
623066
625392
625491
625492
625673
626615
627005
627006
627326
627550
627840
627843
627844
627845
628461
628903
629489
629490
629612
630024
630834
630868
630869
630872
630873
631029
631376
631504
631505
633009
633138
633351
633407
633571
633751
634072
634342
634343
635048
635049
635324
635882
635950
635951
635952
637648
637649
637650
637651
638213
638316
638317
638318
638580
638581
638694
639310
639311
639312
639313
639314
639822
639869
639870
639871
641254
641718
641913
642304
642305
644148
644373
644844
645715
646472
646630
646986
646987
647170
647630
647658
648063
648526
648528
648529
648656
648657
649606
649608
649609
650246
651403
652667
653063
653064
653349
654292
655070
655238
655582
655584
655585
655891
655928
656070
656085
656086
656495
656957
657057
657210
658049
658107
658160
658161
658432
658692
659016
659117
659620
659621
659902
660267
660549
661285
661286
662497
663009
663391
663627
663634
663671
663672
664056
664416
664709
665803
666262
666585
666870
667017
667018
667672
668366
668926
669340
669752
669982
670651
672024
672188
672338
672434
675219
675809
675936
676141
676647
676875
677419
678250
678834
678835
678974
678995
679631
680261
680262
680435
681112
681186
681281
682121
682122
682123
682174
682309
682582
682585
682586
682587
682588
682765
683698
684384
684968
685035
685037
685038
685387
685458
685890
686123
686452
686453
686454
687522
687735
688036
688323
688324
688769
688777
688780
689920
690908
690956
691076
691077
691465
691898
691899
692486
693245
693603
693646
693867
694514
695387
695475
695567
696199
696398
696553
696631
696632
697049
697487
697958
698869
698870
698871
698872
699170
699473
700058
700086
700087
700297
700302
700382
700384
700902
701686
701687
702544
703088
703182
703514
703592
703892
703893
704295
705776
705818
705981
705982
707824
708274
708444
708938
708949
709376
709622
710206
710912
711463
712293
712805
713161
713162
713224
713624
713876
713971
713972
714715
715115
715382
716363
716684
716754
716950
717218
717263
717472
718333
718578
719404
719718
719933
719949
719950
719951
720059
720529
720530
720624
721295
721325
721326
721975
722412
722702
722706
723019
723217
723851
723852
723884
724247
724248
724702
725866
725884
725907
726209
726210
727256
727812
727813
727814
727869
728470
729580
730332
730335
730758
731486
732292
732565
732766
733955
734764
734779
735890
735893
736405
736469
736470
736471
736472
736473
736474
736475
736724
736725
736726
736729
736731
736732
737095
737377
737453
737583
737584
738270
738512
738873
739244
739420
739766
739767
741122
741240
742935
743791
743834
743938
744148
744316
745699
746200
746201
746317
746576
746577
746579
746580
747642
748602
748603
748756
749249
750695
750771
752359
753088
754297
754814
756378
756381
756411
756920
756921
757098
758928
759511
759927
760968
760970
760971
762196
